HOSPITAL FEDERAL CARDOSO FONTES
SERVIÇO DE ORÇAMENTO E FINANÇAS

Resposta ao Anexo (Item 1) do Oficio nº 1613/2021 da CPIPANDEMIA

Orçamento aprovado para o Hospital Federal Cardoso Fontes:

 

 

 

 

 

 

 

 

 

 

 

 

 

 

 

 

 

 

 

 

 

 

 

 

 

 

 

 

EXERCÍCIO 2016 2017 2018 2019 2020 2021
LOA Leinº 13.255, de Lei 13.414, de Lei 13.587, de Lei 13.808, de Lei 13.978, Lei 14.144, de
14/01/2016 10/01/2017 02/01/2018 15/01/2019 17/01/2020 22/04/2021

CUSTEIO 69,000,000.00 69,000,000.00 71,000,000.00 71,000,000.00 83,000,000.00 86,900,000.00

CAPITAL 2,400,000.00 2,940,000.00 3,100,000.00 3,100,000.00 5,000,000.00 5,000,000.00
ENFRENTAMENTO DA COVID-19 - - - - 2,746,792.26 -

Recursos Financeiros repassados mês a mês desde 01/01/2016, até a presente data:
EXERCÍCIO / MÊS 2016 2017 2018 2019 2020 2021

Janeiro 3,044,529.93 2,175,808.56 - 18,343.83 - -

Fevereiro 1,884,720.17 5,120,292.99 3,108477.42 3,936,600.39 965,089.31 1,819,924.68

Março 3,300,000.00 4,524,331.34 4,856,387.09 8,129,110.20 6,428,929.78 5,310,283.47

Abril 3,000,000.00 200,000.00 4,718,476.95 4,926,784.53 6,900,000.00 7,385,830.91

Maio 7,153,672.63 6,189,564.47 5,734,929.93 6,856,003.52 6,500,000.00 9,144,042.90

Junho 5,810,000.00 6,269,348.98 7,517,305.78 7,282,813.13 9,665,304.66 8,990,494.73
Julho 5,227,031.28 6,560,740.62 7,839,050.71 7,370,663.78 6,028,649.19 -
Agosto 7,000,000.00 5,645,993.40 7,885,194.23 6,872,879.33 4,750,661.86 -
Setembro 5,832,580.90 5,781,114.27 5,489,774.71 5,014,007.60 7,646,302.35 -
Outubro 5,000,000.00 3,947,161.95 7,996,010.60 6,264,293.99 6,046,096.02 -
Novembro 6,000,000.00 4,970,041.94 7,369,885.82 5,000,000.00 8,938 415.08 -
Dezembro 5,859,660.64 7498,358.23 8,503,735.38 8,116,403.64 11,492,101.65 ”

TOTAL 59,114,211.55 58,884,773.75 71,021,246.62 69,789,922.94 75,361,549.90 32,650,576.69

 

Fonte: Sistema SIAFI HOD
Contas: 522210100 - Provisão Recebida
e 822230400 - Sub-Repasse Recebido

 
